###### STEADY STATE; t = 807.0
# z = 0
20.0 20.0 20.0 20.0 20.0 20.0 20.0 20.0 20.0 20.0 20.0 20.0 20.0 20.0 20.0 20.0 20.0 20.0 20.0 20.0 20.0 20.0 20.0 20.0 20.0 20.0 20.0 20.0 20.0 20.0 20.0 20.0 20.0 20.0 20.0 20.0 20.0 20.0 
20.0 20.0 20.0 20.0 20.0 20.0 20.0 20.0 20.0 20.0 20.0 20.0 20.0 20.0 20.0 20.0 20.0 20.0 20.0 20.0 20.0 20.0 20.0 20.0 20.0 20.0 20.0 20.0 20.0 20.0 20.0 20.0 20.0 20.0 20.0 20.0 20.0 20.0 
# z = 0.004
20.7 20.8 20.9 21.0 21.1 21.2 21.4 21.5 21.7 21.9 22.2 22.4 22.6 22.8 23.0 23.2 23.3 23.5 23.5 23.6 23.6 23.6 23.5 23.4 23.2 23.1 22.9 22.7 22.5 22.3 22.1 21.9 21.8 21.6 21.5 21.4 21.3 21.2 
20.7 20.8 20.9 21.0 21.1 21.2 21.4 21.5 21.7 21.9 22.2 22.4 22.6 22.8 23.0 23.2 23.3 23.5 23.5 23.6 23.6 23.6 23.5 23.4 23.2 23.1 22.9 22.7 22.5 22.3 22.1 21.9 21.8 21.6 21.5 21.4 21.3 21.2 
# z = 0.008
21.5 21.7 21.9 22.1 22.3 22.6 22.9 23.2 23.6 24.0 24.5 24.9 25.3 25.8 26.2 26.5 26.9 27.1 27.3 27.4 27.4 27.3 27.2 26.9 26.6 26.3 25.9 25.5 25.1 24.7 24.3 24.0 23.6 23.4 23.1 22.9 22.7 22.5 
21.5 21.7 21.9 22.1 22.3 22.6 22.9 23.2 23.6 24.0 24.5 24.9 25.3 25.8 26.2 26.5 26.9 27.1 27.3 27.4 27.4 27.3 27.2 26.9 26.6 26.3 25.9 25.5 25.1 24.7 24.3 24.0 23.6 23.4 23.1 22.9 22.7 22.5 
# z = 0.012
22.6 22.8 23.0 23.3 23.6 24.1 24.5 25.1 25.6 26.3 26.9 27.6 28.3 28.9 29.6 30.1 30.6 31.0 31.3 31.4 31.4 31.3 31.1 30.7 30.3 29.7 29.1 28.5 27.9 27.3 26.7 26.2 25.7 25.2 24.9 24.5 24.3 24.1 
22.6 22.8 23.0 23.3 23.6 24.1 24.5 25.1 25.6 26.3 26.9 27.6 28.3 28.9 29.6 30.1 30.6 31.0 31.3 31.4 31.4 31.3 31.1 30.7 30.3 29.7 29.1 28.5 27.9 27.3 26.7 26.2 25.7 25.2 24.9 24.5 24.3 24.1 
# z = 0.016
23.7 23.9 24.2 24.6 25.1 25.6 26.3 27.0 27.8 28.6 29.5 30.4 31.4 32.3 33.2 34.0 34.6 35.2 35.6 35.8 35.8 35.6 35.3 34.7 34.1 33.4 32.6 31.7 30.8 30.0 29.2 28.5 27.8 27.2 26.7 26.3 26.0 25.7 
23.7 23.9 24.2 24.6 25.1 25.6 26.3 27.0 27.8 28.6 29.5 30.4 31.4 32.3 33.2 34.0 34.6 35.2 35.6 35.8 35.8 35.6 35.3 34.7 34.1 33.4 32.6 31.7 30.8 30.0 29.2 28.5 27.8 27.2 26.7 26.3 26.0 25.7 
# z = 0.02
24.9 25.2 25.6 26.0 26.6 27.3 28.1 29.0 30.0 31.1 32.3 33.5 34.7 35.9 37.0 38.1 39.0 39.7 40.2 40.4 40.5 40.2 39.8 39.1 38.3 37.3 36.2 35.1 33.9 32.8 31.8 30.8 30.0 29.3 28.6 28.1 27.7 27.4 
24.9 25.2 25.6 26.0 26.6 27.3 28.1 29.0 30.0 31.1 32.3 33.5 34.7 35.9 37.0 38.1 39.0 39.7 40.2 40.4 40.5 40.2 39.8 39.1 38.3 37.3 36.2 35.1 33.9 32.8 31.8 30.8 30.0 29.3 28.6 28.1 27.7 27.4 
# z = 0.024
26.2 26.5 26.9 27.5 28.2 29.0 30.0 31.1 32.3 33.7 35.1 36.6 38.2 39.7 41.2 42.5 43.7 44.6 45.2 45.6 45.6 45.3 44.7 43.8 42.7 41.4 40.0 38.6 37.2 35.8 34.5 33.3 32.3 31.4 30.6 30.0 29.5 29.2 
26.2 26.5 26.9 27.5 28.2 29.0 30.0 31.1 32.3 33.7 35.1 36.6 38.2 39.7 41.2 42.5 43.7 44.6 45.2 45.6 45.6 45.3 44.7 43.8 42.7 41.4 40.0 38.6 37.2 35.8 34.5 33.3 32.3 31.4 30.6 30.0 29.5 29.2 
# z = 0.028
27.6 27.9 28.4 29.0 29.8 30.8 31.9 33.2 34.7 36.3 38.1 39.9 41.8 43.7 45.6 47.3 48.8 49.9 50.8 51.2 51.2 50.8 50.0 48.9 47.5 45.9 44.1 42.3 40.5 38.8 37.2 35.8 34.6 33.5 32.6 31.9 31.4 31.0 
27.6 27.9 28.4 29.0 29.8 30.8 31.9 33.2 34.7 36.3 38.1 39.9 41.8 43.7 45.6 47.3 48.8 49.9 50.8 51.2 51.2 50.8 50.0 48.9 47.5 45.9 44.1 42.3 40.5 38.8 37.2 35.8 34.6 33.5 32.6 31.9 31.4 31.0 
# z = 0.032
28.9 29.2 29.8 30.5 31.4 32.5 33.8 35.3 37.1 39.0 41.1 43.3 45.7 48.1 50.3 52.5 54.3 55.9 56.9 57.4 57.4 56.9 55.9 54.5 52.7 50.7 48.4 46.1 43.9 41.9 40.0 38.3 36.8 35.6 34.6 33.8 33.2 32.8 
28.9 29.2 29.8 30.5 31.4 32.5 33.8 35.3 37.1 39.0 41.1 43.3 45.7 48.0 50.3 52.5 54.3 55.8 56.9 57.4 57.4 56.8 55.9 54.5 52.7 50.6 48.4 46.1 43.9 41.9 40.0 38.3 36.8 35.6 34.6 33.8 33.2 32.8 
# z = 0.036
30.2 30.6 31.2 32.0 33.0 34.2 35.7 37.4 39.4 41.6 44.1 46.8 49.7 52.6 55.5 58.1 60.5 62.4 63.8 64.4 64.3 63.6 62.4 60.6 58.4 55.8 53.0 50.1 47.4 44.9 42.7 40.7 39.1 37.7 36.5 35.6 34.9 34.5 
30.2 30.6 31.2 32.0 33.0 34.2 35.7 37.4 39.4 41.6 44.1 46.8 49.7 52.6 55.4 58.1 60.4 62.4 63.7 64.3 64.3 63.5 62.3 60.6 58.4 55.8 52.9 50.1 47.4 44.9 42.7 40.7 39.1 37.7 36.5 35.6 34.9 34.5 
# z = 0.04
31.5 31.9 32.5 33.4 34.5 35.9 37.5 39.5 41.7 44.2 47.1 50.4 53.9 57.5 61.0 64.3 67.3 69.9 71.6 72.4 72.1 71.1 69.6 67.5 64.8 61.5 57.7 54.1 50.8 47.9 45.3 43.1 41.2 39.6 38.3 37.4 36.6 36.2 
31.5 31.9 32.5 33.4 34.5 35.9 37.5 39.5 41.7 44.2 47.1 50.3 53.8 57.4 60.8 64.1 67.1 69.6 71.3 72.1 71.9 70.9 69.4 67.2 64.5 61.3 57.7 54.1 50.8 47.9 45.3 43.1 41.2 39.6 38.3 37.4 36.6 36.2 
# z = 0.044
32.7 33.1 33.8 34.7 35.9 37.4 39.2 41.4 43.8 46.7 50.0 53.8 58.1 63.0 66.9 71.3 74.8 78.5 81.0 81.9 81.3 79.4 77.9 75.5 72.2 67.9 62.7 58.1 54.1 50.7 47.8 45.3 43.2 41.5 40.1 39.0 38.2 37.8 
32.7 33.1 33.8 34.7 35.9 37.4 39.2 41.4 43.8 46.7 50.0 53.7 57.9 62.4 66.5 70.6 74.2 77.6 79.9 80.8 80.3 78.7 76.9 74.5 71.2 67.1 62.4 58.0 54.1 50.7 47.8 45.3 43.2 41.5 40.1 39.0 38.2 37.8 
# z = 0.048
33.9 34.3 35.0 36.0 37.3 38.9 40.8 43.1 45.7 48.9 52.6 56.9 62.4 70.1 73.1 80.0 82.8 89.7 93.3 94.3 92.8 88.1 88.2 85.8 81.9 76.3 67.6 61.7 57.0 53.2 50.0 47.3 45.0 43.2 41.7 40.5 39.7 39.2 
33.9 34.3 35.0 36.0 37.3 38.9 40.8 43.1 45.7 48.9 52.5 56.8 61.7 67.3 71.8 77.0 81.2 85.9 88.9 89.9 88.9 86.4 84.5 81.7 77.8 72.8 66.8 61.5 57.0 53.2 50.0 47.3 45.0 43.2 41.7 40.5 39.7 39.2 
# z = 0.052
34.9 35.3 36.1 37.1 38.5 40.1 42.1 44.6 47.4 50.7 54.7 59.3 65.1 73.3 76.9 84.5 88.3 96.7 101.0 102.0 100.0 94.0 93.2 90.2 85.8 79.7 70.6 64.3 59.4 55.3 51.9 49.0 46.6 44.7 43.1 41.9 41.0 40.5 
34.9 35.3 36.1 37.1 38.5 40.1 42.1 44.6 47.4 50.7 54.6 59.2 64.5 70.5 75.6 81.4 86.5 92.1 95.7 96.8 95.4 92.1 89.4 86.0 81.7 76.2 69.8 64.1 59.3 55.3 51.9 49.0 46.6 44.7 43.1 41.9 41.0 40.5 
# z = 0.056
35.8 36.3 37.0 38.1 39.5 41.2 43.3 45.8 48.7 52.2 56.2 60.9 66.4 72.6 78.1 84.5 91.2 100.7 105.5 106.7 104.1 96.9 92.7 88.6 83.9 78.3 71.8 66.0 61.1 56.9 53.4 50.4 48.0 45.9 44.3 43.1 42.2 41.7 
35.8 36.3 37.0 38.1 39.5 41.2 43.3 45.8 48.7 52.2 56.2 60.9 66.1 71.9 77.5 83.6 89.7 96.1 100.1 101.3 99.5 95.4 91.5 87.4 82.8 77.4 71.5 65.9 61.1 56.9 53.4 50.4 48.0 45.9 44.3 43.1 42.2 41.7 
# z = 0.06
36.6 37.1 37.9 38.9 40.3 42.1 44.2 46.8 49.8 53.3 57.3 62.1 67.4 73.3 79.1 85.5 92.8 102.7 107.7 108.8 106.1 98.5 93.5 89.0 84.2 78.7 72.8 67.3 62.4 58.1 54.6 51.5 49.0 47.0 45.3 44.1 43.2 42.7 
36.6 37.1 37.9 38.9 40.3 42.1 44.2 46.8 49.8 53.3 57.3 62.0 67.3 73.0 78.8 84.9 91.4 98.1 102.3 103.4 101.5 97.1 92.8 88.4 83.7 78.3 72.6 67.2 62.3 58.1 54.6 51.5 49.0 47.0 45.3 44.1 43.2 42.7 
# z = 0.064
37.3 37.8 38.5 39.6 41.0 42.8 44.9 47.5 50.4 53.9 58.0 62.8 68.3 74.5 80.1 86.5 93.2 102.8 107.6 108.8 106.2 99.0 94.8 90.7 86.0 80.3 73.8 68.1 63.1 58.9 55.3 52.3 49.8 47.8 46.1 44.9 44.0 43.5 
37.3 37.8 38.5 39.6 41.0 42.8 44.9 47.5 50.4 53.9 58.0 62.7 68.0 73.8 79.5 85.6 91.7 98.2 102.2 103.4 101.6 97.5 93.6 89.5 84.8 79.4 73.5 68.0 63.1 58.9 55.3 52.3 49.8 47.8 46.1 44.9 44.0 43.5 
# z = 0.068
37.9 38.3 39.1 40.2 41.6 43.3 45.4 47.9 50.8 54.2 58.3 63.0 68.9 77.2 80.8 88.6 92.4 100.8 105.1 106.3 104.2 98.2 97.4 94.4 89.9 83.9 74.7 68.4 63.4 59.2 55.7 52.8 50.4 48.4 46.8 45.5 44.7 44.1 
37.9 38.3 39.1 40.2 41.6 43.3 45.4 47.9 50.8 54.2 58.2 62.9 68.3 74.3 79.5 85.4 90.6 96.3 99.9 101.0 99.6 96.3 93.6 90.2 85.8 80.4 73.9 68.2 63.3 59.2 55.7 52.8 50.4 48.4 46.8 45.5 44.7 44.1 
# z = 0.072
38.3 38.7 39.5 40.6 41.9 43.6 45.6 48.1 50.9 54.2 58.0 62.5 68.1 75.9 79.1 86.1 88.9 96.0 99.6 100.6 99.2 94.5 94.6 92.1 88.1 82.5 73.7 67.7 63.0 59.1 55.8 53.0 50.6 48.7 47.2 46.0 45.1 44.6 
38.3 38.7 39.5 40.6 41.9 43.6 45.6 48.1 50.9 54.1 57.9 62.3 67.4 73.1 77.8 83.0 87.4 92.1 95.2 96.2 95.3 92.8 90.8 88.0 84.1 79.0 72.9 67.5 63.0 59.1 55.8 53.0 50.6 48.7 47.2 46.0 45.1 44.6 
# z = 0.076
38.6 39.1 39.8 40.8 42.1 43.8 45.7 48.0 50.7 53.7 57.2 61.2 65.8 70.8 74.9 79.4 83.0 86.9 89.4 90.4 89.8 87.9 86.4 84.0 80.6 76.2 70.9 66.2 62.1 58.6 55.5 52.9 50.7 48.9 47.4 46.3 45.4 44.9 
38.6 39.1 39.8 40.8 42.1 43.8 45.7 48.0 50.7 53.7 57.2 61.1 65.5 70.1 74.4 78.7 82.4 85.9 88.3 89.3 88.8 87.3 85.5 82.9 79.6 75.4 70.6 66.1 62.1 58.6 55.5 52.9 50.7 48.9 47.4 46.3 45.4 44.9 
# z = 0.08
38.8 39.3 40.0 41.0 42.2 43.8 45.6 47.8 50.2 53.0 56.2 59.6 63.4 67.3 71.0 74.5 77.6 80.3 82.2 83.1 82.9 81.8 80.3 78.2 75.3 71.9 68.1 64.3 60.8 57.7 55.0 52.6 50.6 48.9 47.5 46.4 45.6 45.1 
38.8 39.3 40.0 41.0 42.2 43.8 45.6 47.8 50.2 53.0 56.2 59.6 63.3 67.2 70.8 74.3 77.4 80.1 81.9 82.8 82.6 81.6 80.0 77.9 75.1 71.7 68.0 64.3 60.8 57.7 55.0 52.6 50.6 48.9 47.5 46.4 45.6 45.1 
# z = 0.084
38.9 39.4 40.0 41.0 42.2 43.7 45.4 47.4 49.7 52.2 55.0 58.0 61.2 64.4 67.5 70.4 73.0 75.1 76.6 77.3 77.3 76.6 75.3 73.5 71.2 68.4 65.4 62.4 59.4 56.7 54.3 52.2 50.3 48.7 47.4 46.4 45.7 45.2 
38.9 39.4 40.0 41.0 42.2 43.7 45.4 47.4 49.7 52.2 55.0 58.0 61.2 64.4 67.5 70.4 72.9 75.0 76.5 77.2 77.2 76.5 75.2 73.4 71.1 68.4 65.4 62.3 59.4 56.7 54.3 52.2 50.3 48.7 47.4 46.4 45.7 45.2 
# z = 0.088
39.0 39.4 40.0 40.9 42.1 43.5 45.1 46.9 49.0 51.3 53.8 56.4 59.2 61.9 64.5 66.9 69.1 70.8 72.0 72.6 72.7 72.1 71.1 69.6 67.7 65.4 63.0 60.5 58.0 55.7 53.5 51.6 49.9 48.5 47.3 46.3 45.6 45.2 
39.0 39.4 40.0 40.9 42.1 43.5 45.1 46.9 49.0 51.3 53.8 56.4 59.1 61.9 64.5 66.9 69.0 70.8 72.0 72.6 72.6 72.1 71.1 69.6 67.7 65.4 63.0 60.5 58.0 55.7 53.5 51.6 49.9 48.5 47.3 46.3 45.6 45.2 
# z = 0.092
39.0 39.4 40.0 40.8 41.9 43.2 44.7 46.4 48.3 50.4 52.6 54.9 57.3 59.7 61.9 64.0 65.7 67.2 68.2 68.7 68.8 68.4 67.6 66.3 64.7 62.9 60.9 58.8 56.7 54.6 52.7 51.0 49.5 48.1 47.0 46.2 45.5 45.1 
39.0 39.4 40.0 40.8 41.9 43.2 44.7 46.4 48.3 50.4 52.6 54.9 57.3 59.7 61.9 64.0 65.7 67.2 68.2 68.7 68.8 68.4 67.6 66.3 64.7 62.9 60.9 58.8 56.7 54.6 52.7 51.0 49.5 48.1 47.0 46.2 45.5 45.1 
# z = 0.096
38.9 39.3 39.9 40.7 41.7 42.9 44.3 45.9 47.6 49.5 51.5 53.6 55.7 57.7 59.7 61.4 63.0 64.2 65.1 65.6 65.6 65.3 64.6 63.6 62.3 60.7 59.0 57.2 55.4 53.6 51.9 50.4 49.0 47.8 46.8 45.9 45.3 44.9 
38.9 39.3 39.9 40.7 41.7 42.9 44.3 45.9 47.6 49.5 51.5 53.6 55.7 57.7 59.7 61.4 63.0 64.2 65.1 65.6 65.6 65.3 64.6 63.6 62.3 60.7 59.0 57.2 55.4 53.6 51.9 50.4 49.0 47.8 46.8 45.9 45.3 44.9 
# z = 0.1
38.8 39.1 39.7 40.5 41.4 42.6 43.9 45.4 47.0 48.7 50.6 52.4 54.3 56.1 57.8 59.4 60.7 61.8 62.6 63.0 63.1 62.8 62.3 61.4 60.3 58.9 57.5 55.9 54.3 52.7 51.2 49.8 48.5 47.4 46.5 45.7 45.1 44.8 
38.8 39.1 39.7 40.5 41.4 42.6 43.9 45.4 47.0 48.7 50.6 52.4 54.3 56.1 57.8 59.4 60.7 61.8 62.6 63.0 63.1 62.8 62.3 61.4 60.3 58.9 57.5 55.9 54.3 52.7 51.2 49.8 48.5 47.4 46.5 45.7 45.1 44.8 
# z = 0.104
38.6 39.0 39.5 40.3 41.2 42.3 43.5 44.9 46.4 48.0 49.7 51.4 53.1 54.8 56.3 57.7 58.9 59.9 60.6 61.0 61.1 60.9 60.4 59.6 58.6 57.5 56.2 54.8 53.4 51.9 50.6 49.3 48.1 47.1 46.2 45.5 44.9 44.5 
38.6 39.0 39.5 40.3 41.2 42.3 43.5 44.9 46.4 48.0 49.7 51.4 53.1 54.8 56.3 57.7 58.9 59.9 60.6 61.0 61.1 60.9 60.4 59.6 58.6 57.5 56.2 54.8 53.4 51.9 50.6 49.3 48.1 47.1 46.2 45.5 44.9 44.5 
# z = 0.108
38.5 38.8 39.4 40.1 41.0 42.0 43.2 44.5 45.9 47.5 49.0 50.6 52.2 53.7 55.2 56.4 57.5 58.4 59.0 59.4 59.5 59.4 58.9 58.3 57.4 56.3 55.2 53.9 52.6 51.3 50.0 48.8 47.7 46.7 45.9 45.2 44.7 44.3 
38.5 38.8 39.4 40.1 41.0 42.0 43.2 44.5 45.9 47.5 49.0 50.6 52.2 53.7 55.2 56.4 57.5 58.4 59.0 59.4 59.5 59.4 58.9 58.3 57.4 56.3 55.2 53.9 52.6 51.3 50.0 48.8 47.7 46.7 45.9 45.2 44.7 44.3 
# z = 0.112
38.3 38.6 39.2 39.9 40.7 41.7 42.9 44.2 45.6 47.0 48.5 50.0 51.5 53.0 54.3 55.5 56.6 57.4 58.0 58.4 58.5 58.3 57.9 57.3 56.5 55.5 54.4 53.3 52.0 50.8 49.6 48.4 47.4 46.5 45.6 45.0 44.5 44.1 
38.3 38.6 39.2 39.9 40.7 41.7 42.9 44.2 45.6 47.0 48.5 50.0 51.5 53.0 54.3 55.5 56.6 57.4 58.0 58.4 58.5 58.3 57.9 57.3 56.5 55.5 54.4 53.3 52.0 50.8 49.6 48.4 47.4 46.5 45.6 45.0 44.5 44.1 
# z = 0.116
38.1 38.5 39.0 39.7 40.5 41.5 42.7 43.9 45.3 46.7 48.2 49.7 51.1 52.5 53.8 55.0 56.0 56.8 57.4 57.7 57.8 57.7 57.3 56.7 56.0 55.0 54.0 52.8 51.6 50.4 49.3 48.2 47.1 46.2 45.4 44.8 44.3 43.9 
38.1 38.5 39.0 39.7 40.5 41.5 42.7 43.9 45.3 46.7 48.2 49.7 51.1 52.5 53.8 55.0 56.0 56.8 57.4 57.7 57.8 57.7 57.3 56.7 56.0 55.0 54.0 52.8 51.6 50.4 49.3 48.2 47.1 46.2 45.4 44.8 44.3 43.9 

