# z = 0
20.0 20.0 20.0 20.0 20.0 20.0 20.0 20.0 20.0 20.0 20.0 20.0 20.0 20.0 20.0 20.0 20.0 20.0 20.0 20.0 20.0 20.0 20.0 20.0 20.0 20.0 20.0 20.0 20.0 20.0 20.0 20.0 20.0 20.0 20.0 20.0 20.0 20.0 
20.0 20.0 20.0 20.0 20.0 20.0 20.0 20.0 20.0 20.0 20.0 20.0 20.0 20.0 20.0 20.0 20.0 20.0 20.0 20.0 20.0 20.0 20.0 20.0 20.0 20.0 20.0 20.0 20.0 20.0 20.0 20.0 20.0 20.0 20.0 20.0 20.0 20.0 
# z = 0.004
19.8 19.9 20.0 20.1 20.2 20.3 20.5 20.7 20.8 21.0 21.2 21.4 21.7 21.9 22.1 22.2 22.4 22.5 22.6 22.6 22.6 22.6 22.5 22.4 22.2 22.1 21.9 21.7 21.5 21.3 21.1 20.9 20.8 20.6 20.5 20.4 20.3 20.2 
19.8 19.9 20.0 20.1 20.2 20.3 20.5 20.7 20.8 21.0 21.2 21.4 21.7 21.9 22.1 22.2 22.4 22.5 22.6 22.6 22.6 22.6 22.5 22.4 22.2 22.1 21.9 21.7 21.5 21.3 21.1 20.9 20.8 20.6 20.5 20.4 20.3 20.2 
# z = 0.008
19.8 19.9 20.1 20.3 20.5 20.8 21.1 21.4 21.8 22.2 22.6 23.1 23.5 23.9 24.3 24.6 24.9 25.2 25.3 25.4 25.4 25.3 25.2 25.0 24.7 24.3 23.9 23.6 23.2 22.8 22.4 22.0 21.7 21.4 21.2 21.0 20.8 20.6 
19.8 19.9 20.1 20.3 20.5 20.8 21.1 21.4 21.8 22.2 22.6 23.1 23.5 23.9 24.3 24.6 24.9 25.2 25.3 25.4 25.4 25.3 25.2 25.0 24.7 24.3 23.9 23.6 23.2 22.8 22.4 22.0 21.7 21.4 21.2 21.0 20.8 20.6 
# z = 0.012
20.0 20.1 20.4 20.7 21.0 21.4 21.9 22.4 22.9 23.5 24.2 24.8 25.5 26.1 26.7 27.3 27.7 28.1 28.4 28.5 28.5 28.4 28.1 27.8 27.3 26.8 26.2 25.6 25.0 24.4 23.8 23.2 22.7 22.3 21.9 21.6 21.4 21.2 
20.0 20.1 20.4 20.7 21.0 21.4 21.9 22.4 22.9 23.5 24.2 24.8 25.5 26.1 26.7 27.3 27.7 28.1 28.4 28.5 28.5 28.4 28.1 27.8 27.3 26.8 26.2 25.6 25.0 24.4 23.8 23.2 22.7 22.3 21.9 21.6 21.4 21.2 
# z = 0.016
20.2 20.5 20.8 21.1 21.6 22.1 22.7 23.4 24.2 25.0 25.8 26.7 27.6 28.5 29.4 30.1 30.8 31.3 31.7 31.8 31.8 31.7 31.3 30.8 30.2 29.4 28.6 27.8 26.9 26.1 25.3 24.6 23.9 23.3 22.8 22.4 22.1 21.9 
20.2 20.5 20.8 21.1 21.6 22.1 22.7 23.4 24.2 25.0 25.8 26.7 27.6 28.5 29.4 30.1 30.8 31.3 31.7 31.8 31.8 31.7 31.3 30.8 30.2 29.4 28.6 27.8 26.9 26.1 25.3 24.6 23.9 23.3 22.8 22.4 22.1 21.9 
# z = 0.02
20.6 20.9 21.2 21.7 22.2 22.9 23.7 24.5 25.5 26.5 27.6 28.8 30.0 31.2 32.3 33.3 34.1 34.8 35.3 35.5 35.5 35.3 34.8 34.2 33.3 32.3 31.3 30.1 29.0 27.9 26.9 26.0 25.1 24.4 23.8 23.3 22.9 22.6 
20.6 20.9 21.2 21.7 22.2 22.9 23.7 24.5 25.5 26.5 27.6 28.8 30.0 31.2 32.3 33.3 34.1 34.8 35.3 35.5 35.5 35.3 34.8 34.2 33.3 32.3 31.3 30.1 29.0 27.9 26.9 26.0 25.1 24.4 23.8 23.3 22.9 22.6 
# z = 0.024
21.0 21.3 21.7 22.3 22.9 23.7 24.6 25.7 26.9 28.2 29.6 31.0 32.5 34.0 35.4 36.7 37.9 38.7 39.4 39.7 39.7 39.3 38.7 37.8 36.8 35.5 34.1 32.7 31.2 29.9 28.6 27.4 26.4 25.5 24.8 24.2 23.7 23.4 
21.0 21.3 21.7 22.3 22.9 23.7 24.6 25.7 26.9 28.2 29.6 31.0 32.5 34.0 35.4 36.7 37.9 38.7 39.4 39.7 39.7 39.3 38.7 37.8 36.8 35.5 34.1 32.7 31.2 29.9 28.6 27.4 26.4 25.5 24.8 24.2 23.7 23.4 
# z = 0.028
21.5 21.8 22.3 22.9 23.7 24.6 25.7 26.9 28.3 29.9 31.6 33.4 35.3 37.1 38.9 40.5 42.0 43.1 43.9 44.3 44.3 43.8 43.1 41.9 40.5 38.9 37.2 35.4 33.6 31.9 30.3 28.9 27.7 26.7 25.8 25.1 24.6 24.3 
21.5 21.8 22.3 22.9 23.7 24.6 25.7 26.9 28.3 29.9 31.6 33.4 35.3 37.1 38.9 40.5 42.0 43.1 43.9 44.3 44.3 43.8 43.0 41.9 40.5 38.9 37.2 35.4 33.6 31.9 30.3 28.9 27.7 26.7 25.8 25.1 24.6 24.3 
# z = 0.032
22.0 22.3 22.8 23.5 24.4 25.5 26.7 28.2 29.8 31.7 33.7 35.9 38.1 40.4 42.7 44.7 46.5 48.0 49.0 49.5 49.4 48.9 47.9 46.5 44.7 42.7 40.5 38.2 36.0 34.0 32.1 30.4 29.0 27.8 26.8 26.0 25.4 25.1 
22.0 22.3 22.8 23.5 24.4 25.5 26.7 28.2 29.8 31.7 33.7 35.9 38.1 40.4 42.7 44.7 46.5 48.0 49.0 49.5 49.4 48.9 47.9 46.5 44.7 42.7 40.5 38.2 36.0 34.0 32.1 30.4 29.0 27.8 26.8 26.0 25.4 25.1 
# z = 0.036
22.5 22.8 23.4 24.1 25.1 26.3 27.7 29.4 31.2 33.4 35.8 38.4 41.2 44.0 46.8 49.4 51.7 53.6 54.9 55.4 55.3 54.6 53.3 51.6 49.4 46.8 44.0 41.2 38.5 36.0 33.8 31.9 30.2 28.9 27.7 26.9 26.2 25.8 
22.5 22.8 23.4 24.1 25.1 26.3 27.7 29.4 31.2 33.4 35.8 38.4 41.2 44.0 46.8 49.3 51.6 53.5 54.8 55.4 55.3 54.5 53.3 51.5 49.3 46.8 44.0 41.1 38.5 36.0 33.8 31.9 30.2 28.9 27.7 26.9 26.2 25.8 
# z = 0.04
22.9 23.3 23.9 24.7 25.8 27.1 28.6 30.5 32.6 35.1 37.8 41.0 44.4 47.9 51.3 54.6 57.4 59.9 61.7 62.4 62.1 61.0 59.5 57.4 54.7 51.4 47.7 44.1 40.9 38.0 35.4 33.2 31.4 29.8 28.6 27.6 26.9 26.5 
22.9 23.3 23.9 24.7 25.8 27.1 28.6 30.5 32.6 35.1 37.8 40.9 44.3 47.8 51.2 54.4 57.2 59.7 61.4 62.1 61.8 60.8 59.3 57.2 54.4 51.2 47.6 44.1 40.9 38.0 35.4 33.2 31.4 29.8 28.6 27.6 26.9 26.5 
# z = 0.044
23.3 23.7 24.3 25.2 26.3 27.7 29.4 31.4 33.8 36.6 39.7 43.4 47.7 52.4 56.2 60.5 63.9 67.6 70.0 70.8 70.1 68.2 66.7 64.4 61.1 56.8 51.6 47.0 43.1 39.7 36.9 34.4 32.4 30.7 29.3 28.3 27.6 27.1 
23.3 23.7 24.3 25.2 26.3 27.7 29.4 31.4 33.8 36.6 39.7 43.4 47.4 51.8 55.8 59.8 63.3 66.6 68.8 69.7 69.1 67.6 65.8 63.3 60.0 55.9 51.3 46.9 43.1 39.7 36.9 34.4 32.4 30.7 29.3 28.3 27.6 27.1 
# z = 0.048
23.6 24.0 24.7 25.6 26.8 28.3 30.1 32.3 34.8 37.8 41.4 45.6 50.9 58.5 61.4 68.2 70.8 77.7 81.1 82.1 80.6 75.9 75.9 73.5 69.6 64.1 55.4 49.5 45.0 41.2 38.0 35.4 33.2 31.4 29.9 28.8 28.1 27.6 
23.6 24.0 24.7 25.6 26.8 28.3 30.1 32.3 34.8 37.8 41.3 45.4 50.2 55.6 60.1 65.1 69.3 73.8 76.8 77.7 76.7 74.2 72.2 69.4 65.5 60.6 54.6 49.3 44.9 41.2 38.0 35.4 33.2 31.4 29.9 28.8 28.1 27.6 
# z = 0.052
23.8 24.2 24.9 25.9 27.1 28.7 30.6 32.8 35.5 38.7 42.5 47.0 52.6 60.7 64.1 71.6 75.2 83.5 87.7 88.7 86.6 80.6 79.8 76.8 72.4 66.4 57.3 51.1 46.3 42.2 38.9 36.1 33.8 31.9 30.4 29.2 28.4 27.9 
23.8 24.2 24.9 25.9 27.1 28.7 30.6 32.8 35.5 38.7 42.4 46.8 52.0 57.8 62.8 68.5 73.4 79.0 82.5 83.5 82.1 78.7 76.0 72.6 68.3 62.9 56.5 50.9 46.2 42.2 38.9 36.1 33.8 31.9 30.4 29.2 28.4 27.9 
# z = 0.056
23.9 24.3 25.0 26.0 27.3 28.9 30.8 33.2 35.9 39.2 43.1 47.6 52.9 58.8 64.2 70.5 77.0 86.4 91.1 92.2 89.6 82.3 78.1 74.1 69.4 63.8 57.4 51.7 46.9 42.8 39.4 36.5 34.1 32.1 30.6 29.4 28.6 28.1 
23.9 24.3 25.0 26.0 27.3 28.9 30.8 33.2 35.9 39.2 43.0 47.5 52.6 58.2 63.7 69.5 75.5 81.8 85.7 86.8 85.0 80.8 76.9 72.9 68.3 62.9 57.1 51.6 46.9 42.8 39.4 36.5 34.1 32.1 30.6 29.4 28.6 28.1 
# z = 0.06
23.9 24.3 25.0 26.0 27.3 28.9 30.9 33.2 36.0 39.3 43.2 47.7 52.8 58.5 64.1 70.4 77.4 87.3 92.1 93.2 90.4 82.7 77.8 73.3 68.6 63.1 57.3 51.8 47.0 42.9 39.5 36.6 34.1 32.2 30.6 29.4 28.6 28.1 
23.9 24.3 25.0 26.0 27.3 28.9 30.9 33.2 36.0 39.3 43.2 47.6 52.7 58.2 63.8 69.8 76.1 82.6 86.7 87.7 85.8 81.3 77.0 72.7 68.0 62.7 57.1 51.8 47.0 42.9 39.5 36.6 34.1 32.2 30.6 29.4 28.6 28.1 
# z = 0.064
23.8 24.3 24.9 25.9 27.2 28.8 30.7 33.0 35.8 39.0 42.9 47.4 52.6 58.6 63.9 70.2 76.7 86.1 90.8 91.9 89.3 82.0 77.8 73.8 69.1 63.5 57.2 51.5 46.7 42.6 39.2 36.3 33.9 32.0 30.4 29.3 28.4 28.0 
23.8 24.3 24.9 25.9 27.2 28.8 30.7 33.0 35.8 39.0 42.8 47.3 52.4 57.9 63.4 69.3 75.2 81.5 85.4 86.5 84.7 80.5 76.6 72.6 68.0 62.6 56.8 51.4 46.7 42.6 39.2 36.3 33.9 32.0 30.4 29.3 28.4 28.0 
# z = 0.068
23.6 24.1 24.7 25.7 26.9 28.4 30.3 32.5 35.2 38.4 42.1 46.6 52.2 60.2 63.6 71.0 74.6 82.9 87.1 88.1 86.0 80.0 79.2 76.2 71.8 65.9 56.8 50.6 45.8 41.8 38.5 35.7 33.4 31.5 30.1 28.9 28.1 27.6 
23.6 24.1 24.7 25.7 26.9 28.4 30.3 32.5 35.2 38.3 42.0 46.4 51.5 57.3 62.3 67.9 72.9 78.4 81.9 82.9 81.4 78.1 75.4 72.1 67.7 62.4 56.0 50.4 45.7 41.8 38.5 35.7 33.4 31.5 30.1 28.9 28.1 27.6 
# z = 0.072
23.3 23.7 24.4 25.3 26.5 27.9 29.7 31.8 34.3 37.3 40.8 44.9 50.2 57.7 60.6 67.3 69.9 76.8 80.2 81.2 79.6 74.9 75.0 72.6 68.8 63.2 54.6 48.8 44.3 40.6 37.4 34.8 32.7 30.9 29.5 28.4 27.6 27.2 
23.3 23.7 24.4 25.3 26.5 27.9 29.7 31.8 34.3 37.3 40.7 44.8 49.5 54.9 59.3 64.3 68.4 72.9 75.8 76.8 75.8 73.2 71.3 68.5 64.7 59.7 53.8 48.6 44.2 40.5 37.4 34.8 32.7 30.9 29.5 28.4 27.6 27.2 
# z = 0.076
23.0 23.4 24.0 24.8 25.9 27.3 28.9 30.9 33.2 35.8 39.0 42.6 46.7 51.4 55.1 59.3 62.7 66.4 68.7 69.5 68.9 67.0 65.5 63.2 59.9 55.7 50.5 46.0 42.2 38.9 36.1 33.7 31.7 30.1 28.7 27.7 27.0 26.6 
23.0 23.4 24.0 24.8 25.9 27.3 28.9 30.9 33.2 35.8 38.9 42.5 46.5 50.8 54.7 58.6 62.1 65.4 67.6 68.4 67.9 66.3 64.5 62.1 58.9 54.8 50.2 45.9 42.1 38.9 36.1 33.7 31.7 30.1 28.7 27.7 27.0 26.6 
# z = 0.08
22.6 22.9 23.5 24.3 25.3 26.5 28.0 29.7 31.8 34.2 36.8 39.9 43.2 46.7 49.9 53.1 55.9 58.4 60.1 60.8 60.5 59.4 57.9 55.9 53.2 50.0 46.4 42.9 39.7 36.9 34.4 32.3 30.5 29.0 27.9 26.9 26.3 25.9 
22.6 22.9 23.5 24.3 25.3 26.5 28.0 29.7 31.8 34.2 36.8 39.8 43.1 46.5 49.8 52.9 55.7 58.1 59.8 60.5 60.2 59.2 57.7 55.6 53.0 49.8 46.3 42.8 39.7 36.9 34.4 32.3 30.5 29.0 27.9 26.9 26.3 25.9 
# z = 0.084
22.1 22.4 22.9 23.6 24.5 25.6 27.0 28.5 30.3 32.3 34.6 37.1 39.8 42.5 45.1 47.6 49.8 51.7 52.9 53.5 53.4 52.6 51.4 49.7 47.6 45.1 42.4 39.6 37.1 34.7 32.6 30.8 29.2 27.9 26.9 26.0 25.4 25.1 
22.1 22.4 22.9 23.6 24.5 25.6 27.0 28.5 30.3 32.3 34.6 37.1 39.7 42.5 45.1 47.6 49.8 51.6 52.8 53.4 53.3 52.6 51.4 49.7 47.5 45.0 42.3 39.6 37.1 34.7 32.6 30.8 29.2 27.9 26.9 26.0 25.4 25.1 
# z = 0.088
21.6 21.9 22.4 23.0 23.8 24.7 25.9 27.2 28.7 30.4 32.3 34.3 36.4 38.6 40.7 42.7 44.4 45.8 46.7 47.2 47.1 46.6 45.6 44.3 42.6 40.7 38.6 36.4 34.4 32.4 30.7 29.2 27.8 26.7 25.8 25.1 24.6 24.2 
21.6 21.9 22.4 23.0 23.8 24.7 25.9 27.2 28.7 30.4 32.3 34.3 36.4 38.6 40.7 42.6 44.4 45.7 46.7 47.1 47.1 46.6 45.6 44.3 42.6 40.7 38.6 36.4 34.4 32.4 30.7 29.2 27.8 26.7 25.8 25.1 24.6 24.2 
# z = 0.092
21.1 21.4 21.8 22.3 23.0 23.8 24.7 25.8 27.1 28.5 30.0 31.6 33.3 35.0 36.6 38.1 39.4 40.5 41.2 41.5 41.5 41.1 40.4 39.4 38.1 36.6 35.0 33.3 31.7 30.2 28.8 27.5 26.4 25.5 24.7 24.1 23.6 23.3 
21.1 21.4 21.8 22.3 23.0 23.8 24.7 25.8 27.1 28.5 30.0 31.6 33.3 35.0 36.6 38.1 39.4 40.5 41.2 41.5 41.5 41.1 40.4 39.4 38.1 36.6 35.0 33.3 31.7 30.2 28.8 27.5 26.4 25.5 24.7 24.1 23.6 23.3 
# z = 0.096
20.7 20.9 21.3 21.7 22.2 22.9 23.6 24.5 25.5 26.6 27.8 29.0 30.3 31.6 32.8 33.9 34.9 35.7 36.2 36.5 36.5 36.2 35.6 34.9 33.9 32.8 31.6 30.3 29.1 27.9 26.8 25.9 25.0 24.2 23.6 23.1 22.7 22.5 
20.7 20.9 21.3 21.7 22.2 22.9 23.6 24.5 25.5 26.6 27.8 29.0 30.3 31.6 32.8 33.9 34.9 35.7 36.2 36.5 36.5 36.2 35.6 34.9 33.9 32.8 31.6 30.3 29.1 27.9 26.8 25.9 25.0 24.2 23.6 23.1 22.7 22.5 
# z = 0.1
20.3 20.5 20.8 21.1 21.5 22.0 22.6 23.2 24.0 24.8 25.6 26.5 27.5 28.4 29.3 30.1 30.8 31.3 31.7 31.9 31.9 31.7 31.3 30.7 30.1 29.3 28.4 27.5 26.6 25.8 25.0 24.2 23.6 23.0 22.6 22.2 21.9 21.7 
20.3 20.5 20.8 21.1 21.5 22.0 22.6 23.2 24.0 24.8 25.6 26.5 27.5 28.4 29.3 30.1 30.8 31.3 31.7 31.9 31.9 31.7 31.3 30.7 30.1 29.3 28.4 27.5 26.6 25.8 25.0 24.2 23.6 23.0 22.6 22.2 21.9 21.7 
# z = 0.104
20.0 20.2 20.4 20.6 20.9 21.2 21.6 22.0 22.5 23.0 23.6 24.2 24.8 25.4 26.0 26.5 26.9 27.3 27.5 27.7 27.7 27.5 27.3 26.9 26.5 26.0 25.4 24.8 24.3 23.7 23.2 22.7 22.3 21.9 21.6 21.3 21.1 21.0 
20.0 20.2 20.4 20.6 20.9 21.2 21.6 22.0 22.5 23.0 23.6 24.2 24.8 25.4 26.0 26.5 26.9 27.3 27.5 27.7 27.7 27.5 27.3 26.9 26.5 26.0 25.4 24.8 24.3 23.7 23.2 22.7 22.3 21.9 21.6 21.3 21.1 21.0 
# z = 0.108
19.9 20.0 20.1 20.2 20.4 20.5 20.7 21.0 21.2 21.5 21.7 22.0 22.3 22.6 22.9 23.1 23.4 23.5 23.7 23.7 23.7 23.7 23.5 23.4 23.1 22.9 22.6 22.3 22.1 21.8 21.5 21.3 21.1 20.9 20.7 20.6 20.5 20.4 
19.9 20.0 20.1 20.2 20.4 20.5 20.7 21.0 21.2 21.5 21.7 22.0 22.3 22.6 22.9 23.1 23.4 23.5 23.7 23.7 23.7 23.7 23.5 23.4 23.1 22.9 22.6 22.3 22.1 21.8 21.5 21.3 21.1 20.9 20.7 20.6 20.5 20.4 
# z = 0.112
-273.1 -273.1 -273.1 -273.1 -273.1 -273.1 -273.1 -273.1 -273.1 -273.1 -273.1 -273.1 -273.1 -273.1 -273.1 -273.1 -273.1 -273.1 -273.1 -273.1 -273.1 -273.1 -273.1 -273.1 -273.1 -273.1 -273.1 -273.1 -273.1 -273.1 -273.1 -273.1 -273.1 -273.1 -273.1 -273.1 -273.1 -273.1 
-273.1 -273.1 -273.1 -273.1 -273.1 -273.1 -273.1 -273.1 -273.1 -273.1 -273.1 -273.1 -273.1 -273.1 -273.1 -273.1 -273.1 -273.1 -273.1 -273.1 -273.1 -273.1 -273.1 -273.1 -273.1 -273.1 -273.1 -273.1 -273.1 -273.1 -273.1 -273.1 -273.1 -273.1 -273.1 -273.1 -273.1 -273.1 
# z = 0.116
-273.1 -273.1 -273.1 -273.1 -273.1 -273.1 -273.1 -273.1 -273.1 -273.1 -273.1 -273.1 -273.1 -273.1 -273.1 -273.1 -273.1 -273.1 -273.1 -273.1 -273.1 -273.1 -273.1 -273.1 -273.1 -273.1 -273.1 -273.1 -273.1 -273.1 -273.1 -273.1 -273.1 -273.1 -273.1 -273.1 -273.1 -273.1 
-273.1 -273.1 -273.1 -273.1 -273.1 -273.1 -273.1 -273.1 -273.1 -273.1 -273.1 -273.1 -273.1 -273.1 -273.1 -273.1 -273.1 -273.1 -273.1 -273.1 -273.1 -273.1 -273.1 -273.1 -273.1 -273.1 -273.1 -273.1 -273.1 -273.1 -273.1 -273.1 -273.1 -273.1 -273.1 -273.1 -273.1 -273.1 

